[title]
Eisou Youga ~Meikyou Shisui~

[artist]
EastNewSound

[difficultyName]
Easy

[bpm]
170

[difficulty]
7

[startingTime]
11.76619

[approachRate]
1.6

[notes]
0:0.3529412,1
0.7058824,1
1.058824,1
1.411765:1.764706,1
2.117647:2.470588,0
2.823529:3.176471,0
3.529412:3.882353,1
4.235294:4.588235,1
4.941176:5.647059,0
6,1
6.352942:6.705883,1
7.058824:7.411765,2
7.764706:8.470589,2
8.823529,1
9.176471:9.529412,1
9.882353,0
10.23529,0
10.58824:10.94118,0
11.29412,1
11.64706,1
12,0
12.35294,0
12.70588:13.05882,0
13.41177:13.76471,1
14.11765:14.47059,2
14.82353:15.17647,2
15.52941,1
15.88235,1
16.23529,0
16.58824,0
16.94118:17.29412,1
17.64706:18.35294,1
18.70588,1
19.05882:19.41177,2
19.76471,2
20.11765:20.47059,1
20.82353:21.52941,1
21.88235,1
22.23529,1
22.58824:24,1
24.52941:25.05882,2
25.41177:26.47059,2
26.82353,2
27.17647:27.44118,1
27.88235,1
28.23529:29.64706,0
30.17647:30.70588,1
31.05882:31.41177,2
31.76471:32.47059,2
32.82353:33.17647,1
33.52941,1
33.88235:35.29412,2
35.82353:36.35294,1
36.70588:37.76471,1
38.11765,1
38.47059:38.82353,1
39.17647,1
39.52941:40.94118,0
41.29412:42,0
42.35294:42.88235,1
43.41177,1
43.58824:44.47059,1
44.82353,1
45.17647,1
45.52941:45.88235,2
46.23529,2
46.58824,1
46.94118,1
47.29412:47.64706,0
48,1
48.35294,1
48.70588,0
49.05883,0
49.41177:49.76471,1
50.11765:50.47059,1
50.64706,1
50.82353,1
51.17647:51.52941,2
51.88235,1
52.23529:52.58824,0
52.94118,1
53.29412,1
53.64706,0
54:54.35294,0
54.70588,1
55.05883,0
55.41177,0
55.76471:56.11765,0
56.29412,0
56.47059,0
56.82353:57.17647,1
57.52941,2
57.88235:58.23529,2
58.58824,2
58.94118,1
59.29412,1
59.64706:60.35294,0
60.70588,1
61.05883,2
61.41177:61.76471,2
61.94118,2
62.11765,2
62.47059,1
62.82353,1
63.17647:63.52942,0
63.88235,1
64.2353,2
64.58823,2
64.94118,1
65.29412:66,1
66.35294:66.70589,1
67.05882:67.41177,1
67.76471:69.17648,1
88.94118:89.47059,1
90,1
90.35294,1
90.70589:91.05882,0
91.41177,0
91.76471,1
92.11765,1
92.47059:93.17648,2
93.52941,1
93.88235,1
94.2353,0
94.58823,0
94.94118,1
95.29412:95.64706,1
95.82353,1
96,1
96.35294,0
96.70589,0
97.05882,1
97.41177:97.76471,1
98.11765:98.82353,0
99.17648,1
99.52941,2
99.88235,2
100.2353:100.5882,2
100.9412,2
101.2941,2
101.6471,1
102:102.3529,1
102.7059,1
103.0588:103.4118,0
103.7647,0
104.1177:104.8235,1
105.1765,1
105.5294,1
105.8824:106.2353,2
106.5882:106.9412,1
107.1177,1
107.2941,1
107.6471,1
108,1
108.3529:108.7059,0
109.0588:109.7647,1
110.1177,2
110.4706,2
110.8235,1
111.1765,1
111.5294:111.8824,1
112.2353:112.5882,1
112.9412,1
